121.231624, 34.700000
121.231208, 34.739194
121.229960, 34.778377
121.227880, 34.817535
121.224970, 34.856658
121.221229, 34.895733
121.216660, 34.934749
121.211263, 34.973693
121.205040, 35.012553
121.197993, 35.051319
121.190124, 35.089977
121.181436, 35.128517
121.171931, 35.166926
121.161612, 35.205192
121.150483, 35.243305
121.138546, 35.281253
121.125805, 35.319023
121.112265, 35.356605
121.097929, 35.393987
121.082801, 35.431157
121.066887, 35.468105
121.050190, 35.504819
121.032717, 35.541287
121.014473, 35.577499
120.995462, 35.613444
120.975692, 35.649111
120.955167, 35.684489
120.933895, 35.719567
120.911881, 35.754334
120.889132, 35.788780
120.865656, 35.822894
120.841459, 35.856666
120.816548, 35.890086
120.790932, 35.923144
120.764619, 35.955829
120.737615, 35.988131
120.709930, 36.020041
120.681572, 36.051549
120.652549, 36.082645
120.622870, 36.113320
120.592545, 36.143565
120.561583, 36.173370
120.529992, 36.202726
120.497783, 36.231624
120.464966, 36.260056
120.431550, 36.288012
120.397545, 36.315485
120.362963, 36.342466
120.327813, 36.368946
120.292106, 36.394918
120.255854, 36.420374
120.219067, 36.445305
120.181756, 36.469705
120.143932, 36.493566
120.105608, 36.516881
120.066795, 36.539642
120.027505, 36.561843
119.987749, 36.583476
119.947540, 36.604536
119.906890, 36.625016
119.865812, 36.644910
119.824317, 36.664211
119.782420, 36.682913
119.740131, 36.701012
119.697465, 36.718501
119.654434, 36.735375
119.611051, 36.751630
119.567330, 36.767259
119.523284, 36.782259
119.478926, 36.796624
119.434270, 36.810351
119.389330, 36.823434
119.344118, 36.835872
119.298650, 36.847658
119.252938, 36.858790
119.206996, 36.869265
119.160840, 36.879079
119.114482, 36.888229
119.067937, 36.896712
119.021218, 36.904527
118.974341, 36.911670
118.927320, 36.918139
118.880169, 36.923932
118.832901, 36.929048
118.785532, 36.933486
118.738077, 36.937242
118.690548, 36.940318
118.642962, 36.942710
118.595332, 36.944420
118.547673, 36.945446
118.500000, 36.945788
118.452327, 36.945446
118.404668, 36.944420
118.357038, 36.942710
118.309452, 36.940318
118.261923, 36.937242
118.214468, 36.933486
118.167099, 36.929048
118.119831, 36.923932
118.072680, 36.918139
118.025659, 36.911670
117.978782, 36.904527
117.932063, 36.896712
117.885518, 36.888229
117.839160, 36.879079
117.793004, 36.869265
117.747062, 36.858790
117.701350, 36.847658
117.655882, 36.835872
117.610670, 36.823434
117.565730, 36.810351
117.521074, 36.796624
117.476716, 36.782259
117.432670, 36.767259
117.388949, 36.751630
117.345566, 36.735375
117.302535, 36.718501
117.259869, 36.701012
117.217580, 36.682913
117.175683, 36.664211
117.134188, 36.644910
117.093110, 36.625016
117.052460, 36.604536
117.012251, 36.583476
116.972495, 36.561843
116.933205, 36.539642
116.894392, 36.516881
116.856068, 36.493566
116.818244, 36.469705
116.780933, 36.445305
116.744146, 36.420374
116.707894, 36.394918
116.672187, 36.368946
116.637037, 36.342466
116.602455, 36.315485
116.568450, 36.288012
116.535034, 36.260056
116.502217, 36.231624
116.470008, 36.202726
116.438417, 36.173370
116.407455, 36.143565
116.377130, 36.113320
116.347451, 36.082645
116.318428, 36.051549
116.290070, 36.020041
116.262385, 35.988131
116.235381, 35.955829
116.209068, 35.923144
116.183452, 35.890086
116.158541, 35.856666
116.134344, 35.822894
116.110868, 35.788780
116.088119, 35.754334
116.066105, 35.719567
116.044833, 35.684489
116.024308, 35.649111
116.004538, 35.613444
115.985527, 35.577499
115.967283, 35.541287
115.949810, 35.504819
115.933113, 35.468105
115.917199, 35.431157
115.902071, 35.393987
115.887735, 35.356605
115.874195, 35.319023
115.861454, 35.281253
115.849517, 35.243305
115.838388, 35.205192
115.828069, 35.166926
115.818564, 35.128517
115.809876, 35.089977
115.802007, 35.051319
115.794960, 35.012553
115.788737, 34.973693
115.783340, 34.934749
115.778771, 34.895733
115.775030, 34.856658
115.772120, 34.817535
115.770040, 34.778377
115.768792, 34.739194
115.768376, 34.700000
115.768792, 34.660806
115.770040, 34.621623
115.772120, 34.582465
115.775030, 34.543342
115.778771, 34.504267
115.783340, 34.465251
115.788737, 34.426307
115.794960, 34.387447
115.802007, 34.348681
115.809876, 34.310023
115.818564, 34.271483
115.828069, 34.233074
115.838388, 34.194808
115.849517, 34.156695
115.861454, 34.118747
115.874195, 34.080977
115.887735, 34.043395
115.902071, 34.006013
115.917199, 33.968843
115.933113, 33.931895
115.949810, 33.895181
115.967283, 33.858713
115.985527, 33.822501
116.004538, 33.786556
116.024308, 33.750889
116.044833, 33.715511
116.066105, 33.680433
116.088119, 33.645666
116.110868, 33.611220
116.134344, 33.577106
116.158541, 33.543334
116.183452, 33.509914
116.209068, 33.476856
116.235381, 33.444171
116.262385, 33.411869
116.290070, 33.379959
116.318428, 33.348451
116.347451, 33.317355
116.377130, 33.286680
116.407455, 33.256435
116.438417, 33.226630
116.470008, 33.197274
116.502217, 33.168376
116.535034, 33.139944
116.568450, 33.111988
116.602455, 33.084515
116.637037, 33.057534
116.672187, 33.031054
116.707894, 33.005082
116.744146, 32.979626
116.780933, 32.954695
116.818244, 32.930295
116.856068, 32.906434
116.894392, 32.883119
116.933205, 32.860358
116.972495, 32.838157
117.012251, 32.816524
117.052460, 32.795464
117.093110, 32.774984
117.134188, 32.755090
117.175683, 32.735789
117.217580, 32.717087
117.259869, 32.698988
117.302535, 32.681499
117.345566, 32.664625
117.388949, 32.648370
117.432670, 32.632741
117.476716, 32.617741
117.521074, 32.603376
117.565730, 32.589649
117.610670, 32.576566
117.655882, 32.564128
117.701350, 32.552342
117.747062, 32.541210
117.793004, 32.530735
117.839160, 32.520921
117.885518, 32.511771
117.932063, 32.503288
117.978782, 32.495473
118.025659, 32.488330
118.072680, 32.481861
118.119831, 32.476068
118.167099, 32.470952
118.214468, 32.466514
118.261923, 32.462758
118.309452, 32.459682
118.357038, 32.457290
118.404668, 32.455580
118.452327, 32.454554
118.500000, 32.454212
118.547673, 32.454554
118.595332, 32.455580
118.642962, 32.457290
118.690548, 32.459682
118.738077, 32.462758
118.785532, 32.466514
118.832901, 32.470952
118.880169, 32.476068
118.927320, 32.481861
118.974341, 32.488330
119.021218, 32.495473
119.067937, 32.503288
119.114482, 32.511771
119.160840, 32.520921
119.206996, 32.530735
119.252938, 32.541210
119.298650, 32.552342
119.344118, 32.564128
119.389330, 32.576566
119.434270, 32.589649
119.478926, 32.603376
119.523284, 32.617741
119.567330, 32.632741
119.611051, 32.648370
119.654434, 32.664625
119.697465, 32.681499
119.740131, 32.698988
119.782420, 32.717087
119.824317, 32.735789
119.865812, 32.755090
119.906890, 32.774984
119.947540, 32.795464
119.987749, 32.816524
120.027505, 32.838157
120.066795, 32.860358
120.105608, 32.883119
120.143932, 32.906434
120.181756, 32.930295
120.219067, 32.954695
120.255854, 32.979626
120.292106, 33.005082
120.327813, 33.031054
120.362963, 33.057534
120.397545, 33.084515
120.431550, 33.111988
120.464966, 33.139944
120.497783, 33.168376
120.529992, 33.197274
120.561583, 33.226630
120.592545, 33.256435
120.622870, 33.286680
120.652549, 33.317355
120.681572, 33.348451
120.709930, 33.379959
120.737615, 33.411869
120.764619, 33.444171
120.790932, 33.476856
120.816548, 33.509914
120.841459, 33.543334
120.865656, 33.577106
120.889132, 33.611220
120.911881, 33.645666
120.933895, 33.680433
120.955167, 33.715511
120.975692, 33.750889
120.995462, 33.786556
121.014473, 33.822501
121.032717, 33.858713
121.050190, 33.895181
121.066887, 33.931895
121.082801, 33.968843
121.097929, 34.006013
121.112265, 34.043395
121.125805, 34.080977
121.138546, 34.118747
121.150483, 34.156695
121.161612, 34.194808
121.171931, 34.233074
121.181436, 34.271483
121.190124, 34.310023
121.197993, 34.348681
121.205040, 34.387447
121.211263, 34.426307
121.216660, 34.465251
121.221229, 34.504267
121.224970, 34.543342
121.227880, 34.582465
121.229960, 34.621623
121.231208, 34.660806
